ts_entry,ts_exit,symbol,setup,side,entry,sl,tp,exit_price,qty,pnl_usdt,risk_usdt,r_multiple,risk_status,exit_reason,partial
2026-01-22T08:00:00+00:00,2026-01-22T11:35:00+00:00,ETHUSDT,V3_TREND_BREAKOUT,SHORT,3004.2971000000002,3018.1105611502912,2983.5769082745637,2983.5769082745637,0.06657131213820364,1.139370350917458,0.9195802339449719,1.2390113541584,ok,TP,0
2026-01-22T11:15:00+00:00,2026-01-22T11:35:00+00:00,ETHUSDT,V3_TREND_BREAKOUT,SHORT,2997.24063,3009.3419868589363,2979.088594711595,2979.088594711595,0.06672804245283437,0.9712497813300318,0.8074998542200111,1.202786324052271,ok,TP,0
2026-01-22T11:30:00+00:00,2026-01-22T13:30:00+00:00,ETHUSDT,V3_TREND_BREAKOUT,SHORT,2986.3960549999997,3001.224702083298,2964.1530843750525,3001.224702083298,0.06697035366931597,-1.233079739605949,0.9930797396059489,-1.2416724361884892,ok,SL,0
2026-01-22T13:30:00+00:00,2026-01-22T15:00:00+00:00,BTCUSDT,V3_TREND_BREAKOUT,SHORT,89874.0405,90484.13788344011,88958.89442483985,88958.89442483985,0.0022253366921897765,1.7965081397673568,1.3576720931782484,1.323226829802337,ok,TP,0
2026-01-22T13:30:00+00:00,2026-01-22T14:45:00+00:00,ETHUSDT,V3_TREND_BREAKOUT,SHORT,2986.86582,3021.4280358996366,2935.022496150545,2935.022496150545,0.06695982077962913,3.231419673579774,2.314279782386516,1.3962960304857743,ok,TP,0
2026-01-22T14:45:00+00:00,2026-01-22T18:20:00+00:00,BTCUSDT,V3_TREND_BREAKOUT,SHORT,89019.86779999999,89724.3731907764,87963.10971383538,89724.3731907764,0.00224668947441416,-1.8228048461253918,1.5828048461253919,-1.151629558493901,ok,SL,0
2026-01-22T14:45:00+00:00,2026-01-23T04:10:00+00:00,ETHUSDT,V3_TREND_BREAKOUT,SHORT,2935.8313500000004,2977.507756930304,2873.316739604545,2977.507756930304,0.06812380418241668,-3.079155384746711,2.839155384746711,-1.0845321821022527,ok,SL,0
2026-01-22T14:45:00+00:00,2026-01-22T20:05:00+00:00,SOLUSDT,V3_TREND_BREAKOUT,SHORT,127.79607,129.51740093087668,125.214073603685,129.51740093087668,1.5649933522994877,-2.933871463929486,2.6938714639294856,-1.0890911104013545,ok,SL,0
2026-01-22T15:15:00+00:00,2026-01-22T18:15:00+00:00,BTCUSDT,V3_TREND_BREAKOUT,SHORT,89110.6224,89626.34372061845,88337.04041907232,89626.34372061845,0.0022444013363776038,-1.3974856211944793,1.1574856211944793,-1.207345988239862,ok,SL,0
2026-01-22T15:15:00+00:00,2026-01-22T18:15:00+00:00,ETHUSDT,V3_TREND_BREAKOUT,SHORT,2938.5599850000003,2967.69219857766,2894.8616646335113,2967.69219857766,0.06806054700972863,-2.22275439169975,1.98275439169975,-1.1210437364328598,ok,SL,0
2026-01-22T15:15:00+00:00,2026-01-22T19:35:00+00:00,SOLUSDT,V3_TREND_BREAKOUT,SHORT,127.826055,128.93745284346,126.15895823481,128.93745284346,1.5646262414966965,-1.978922230620349,1.7389222306203491,-1.1380165229783632,ok,SL,0
2026-01-23T06:45:00+00:00,2026-01-23T14:30:00+00:00,SOLUSDT,V3_TREND_BREAKOUT,SHORT,128.05594,129.08565784176145,126.51136323735781,126.51136323735781,1.5618174369732478,2.1723469206382457,1.6082312804254972,1.3507677328993986,ok,TP,0
2026-01-23T08:15:00+00:00,2026-01-23T09:15:00+00:00,BTCUSDT,V3_TREND_BREAKOUT,SHORT,89421.4669,89710.90482894336,88987.31000658497,88987.31000658497,0.0022365994087712735,0.7310350511260229,0.6473567007506927,1.1292615806375286,ok,TP,0
2026-01-23T08:45:00+00:00,2026-01-23T14:35:00+00:00,SOLUSDT,V3_TREND_BREAKOUT,SHORT,126.97648000000001,127.91029930725368,125.5757510391195,125.5757510391195,1.575094852212,1.9662809756271613,1.4708539837514334,1.3368294863723553,ok,TP,0
2026-01-23T13:45:00+00:00,2026-01-23T14:30:00+00:00,SOLUSDT,V3_TREND_BREAKOUT,SHORT,127.05644000000001,127.59513866100565,126.24839200849155,126.24839200849155,1.5741036030916653,1.0319512549044496,0.847967503269633,1.2169702859194527,ok,TP,0
2026-01-23T14:30:00+00:00,2026-01-23T15:45:00+00:00,ETHUSDT,V3_TREND_BREAKOUT,SHORT,2910.6839299999997,2953.6063043971385,2846.3003684042915,2953.6063043971385,0.0687123730401054,-3.189298201343271,2.949298201343271,-1.0813752912101906,ok,SL,0
2026-01-23T14:30:00+00:00,2026-01-23T15:45:00+00:00,SOLUSDT,V3_TREND_BREAKOUT,SHORT,126.226855,127.77286794396116,123.90783558405826,127.77286794396116,1.5844488876792502,-2.6895784893969816,2.4495784893969814,-1.0979760399753844,ok,SL,0
2026-01-24T12:00:00+00:00,2026-01-24T14:00:00+00:00,BTCUSDT,V3_TREND_BREAKOUT,SHORT,89468.8432,89611.87775814098,89254.29136278853,89254.29136278853,0.0022354150656996533,0.23961240927607025,0.31974160618403596,0.7493939000799127,ok,TP,0
2026-01-24T13:45:00+00:00,2026-01-24T14:00:00+00:00,BTCUSDT,V3_TREND_BREAKOUT,SHORT,89449.253,89557.22736579587,89287.29145130618,89287.29145130618,0.0022359046419314424,0.12213057853890141,0.24142038569260094,0.5058834538289965,ok,TP,0
2026-01-24T13:45:00+00:00,2026-01-24T13:55:00+00:00,ETHUSDT,V3_TREND_BREAKOUT,SHORT,2957.610455,2963.773945911774,2948.3652186323393,2948.3652186323393,0.06762215749605875,0.3851828297422426,0.4167885531614951,0.9241684466151687,ok,TP,0
2026-01-25T01:30:00+00:00,2026-01-25T06:05:00+00:00,BTCUSDT,V3_TREND_BREAKOUT,SHORT,89065.445,89246.59457889186,88793.72063166223,88793.72063166223,0.002245539782572242,0.3701678789967864,0.4067785859978684,0.9099984407702477,ok,TP,0
2026-01-25T03:15:00+00:00,2026-01-25T06:15:00+00:00,BTCUSDT,V3_TREND_BREAKOUT,SHORT,88975.0902,89190.38695580885,88652.14506628674,88652.14506628674,0.0022478201432607255,0.4859225767287014,0.48394838448580096,1.0040793446288658,ok,TP,0
2026-01-25T03:15:00+00:00,2026-01-25T08:35:00+00:00,ETHUSDT,V3_TREND_BREAKOUT,SHORT,2945.2266499999996,2954.1313750326635,2931.8695624510037,2931.8695624510037,0.0679064886228705,0.6670329136805739,0.6046886091203826,1.1031015031867084,ok,TP,0
2026-01-25T03:15:00+00:00,2026-01-25T08:45:00+00:00,SOLUSDT,V3_TREND_BREAKOUT,SHORT,126.686625,127.15015363869269,125.99133204196099,125.99133204196099,1.5786986195267259,0.8576580330228532,0.7317720220152354,1.1720290025040023,ok,TP,0
2026-01-25T03:30:00+00:00,2026-01-25T08:35:00+00:00,BTCUSDT,V3_TREND_BREAKOUT,SHORT,88797.07925,89083.41645896537,88367.57343655193,88367.57343655193,0.002252326334258342,0.7273872543461257,0.6449248362307395,1.1278636105834248,ok,TP,0
2026-01-25T03:30:00+00:00,2026-01-25T04:35:00+00:00,ETHUSDT,V3_TREND_BREAKOUT,SHORT,2936.6309499999998,2948.506991101759,2918.816888347361,2948.506991101759,0.06810525510534444,-1.04882080887687,0.80882080887687,-1.2967282707937058,ok,SL,0
2026-01-25T03:30:00+00:00,2026-01-25T04:30:00+00:00,SOLUSDT,V3_TREND_BREAKOUT,SHORT,126.346795,126.9329998073575,125.46748778896375,126.9329998073575,1.5829447830473262,-1.1679298416038235,0.9279298416038236,-1.2586402433024317,ok,SL,0
2026-01-25T06:00:00+00:00,2026-01-25T08:35:00+00:00,BTCUSDT,V3_TREND_BREAKOUT,SHORT,88832.9613,89070.69713920193,88476.3575411971,88476.3575411971,0.0022514165583715604,0.5628636073463857,0.5352424048976014,1.0516050338987408,ok,TP,0
2026-01-25T08:30:00+00:00,2026-01-25T08:40:00+00:00,BTCUSDT,V3_TREND_BREAKOUT,SHORT,88558.89839999999,88769.09210067813,88243.60784898279,88243.60784898279,0.0022583840089862727,0.4720471386017119,0.47469809240115224,0.9944154951497043,ok,TP,0
2026-01-25T08:30:00+00:00,2026-01-25T08:40:00+00:00,ETHUSDT,V3_TREND_BREAKOUT,SHORT,2938.320105,2947.630199512192,2924.3549632317113,2924.3549632317113,0.0680661033696327,0.7105527831719005,0.6337018554479337,1.1212730041158623,ok,TP,0
2026-01-25T15:45:00+00:00,2026-01-25T16:00:00+00:00,SOLUSDT,V3_TREND_BREAKOUT,SHORT,125.627155,126.19466346828568,124.77589229757149,124.77589229757149,1.5920124912484088,1.1152208556000711,0.9034805704000549,1.2343606405462146,ok,TP,0
2026-01-25T16:00:00+00:00,2026-01-25T16:20:00+00:00,BTCUSDT,V3_TREND_BREAKOUT,SHORT,88186.2848,88604.34067534098,87559.20098698852,87559.20098698852,0.0022679263612656467,1.182179910251694,0.9481199401678071,1.2468674691542305,ok,TP,0
2026-01-25T16:00:00+00:00,2026-01-25T16:20:00+00:00,ETHUSDT,V3_TREND_BREAKOUT,SHORT,2912.48303,2935.2346999500573,2878.3555250749137,2878.3555250749137,0.06866992800984664,2.1035333063613573,1.562355537574238,1.3463857974525881,ok,TP,0
2026-01-25T16:00:00+00:00,2026-01-25T19:25:00+00:00,SOLUSDT,V3_TREND_BREAKOUT,SHORT,123.71811,126.05861607769386,120.20735088345921,120.20735088345921,1.6165782034659275,5.435416665419125,3.7836111102794243,1.4365685338675604,ok,TP,0
2026-01-25T16:15:00+00:00,2026-01-25T18:10:00+00:00,ETHUSDT,V3_TREND_BREAKOUT,SHORT,2887.845355,2913.1315070964815,2849.9161268552775,2849.9161268552775,0.06925578603221294,2.3868185087578837,1.7512123391719223,1.3629520848890968,ok,TP,0
2026-01-25T17:00:00+00:00,2026-01-25T19:20:00+00:00,SOLUSDT,V3_TREND_BREAKOUT,SHORT,122.30881500000001,123.54632402631752,120.45255146052375,120.45255146052375,1.635205115837317,2.795371636093865,2.0235810907292513,1.3813983778067813,ok,TP,0
2026-01-25T18:00:00+00:00,2026-01-25T18:10:00+00:00,ETHUSDT,V3_TREND_BREAKOUT,SHORT,2879.8393600000004,2901.3778389398685,2847.531641590198,2847.531641590198,0.06944831811729942,2.003716705768089,1.4958111371787155,1.339551936715317,ok,TP,0
2026-01-25T18:30:00+00:00,2026-01-25T19:30:00+00:00,BTCUSDT,V3_TREND_BREAKOUT,SHORT,87235.3605,87859.82801879846,86298.65922180229,86298.65922180229,0.002292648289107489,1.9075265828647778,1.4316843885765074,1.3323652881075208,ok,TP,0
2026-01-25T18:30:00+00:00,2026-01-25T20:20:00+00:00,ETHUSDT,V3_TREND_BREAKOUT,SHORT,2839.03977,2871.97446316754,2789.63773024869,2789.63773024869,0.07044635376840812,3.240193569201744,2.320129046134496,1.3965574779558674,ok,TP,0
2026-01-25T19:15:00+00:00,2026-01-25T23:00:00+00:00,BTCUSDT,V3_TREND_BREAKOUT,SHORT,86998.37904999999,87641.52002817065,86033.667582744,86033.667582744,0.002298893406796181,1.9777688315354511,1.4785125543569786,1.3376746959011143,ok,TP,0
2026-01-25T19:15:00+00:00,2026-01-25T20:20:00+00:00,ETHUSDT,V3_TREND_BREAKOUT,SHORT,2835.031775,2866.1422797299874,2788.3660179050185,2788.3660179050185,0.07054594652647235,3.052080004639911,2.194720003093263,1.3906466430060667,ok,TP,0
2026-01-25T19:15:00+00:00,2026-01-25T19:25:00+00:00,SOLUSDT,V3_TREND_BREAKOUT,SHORT,120.84954499999999,122.28977299716902,118.68920300424645,118.68920300424645,1.654950376519829,3.3352587992839213,2.3835058661892887,1.399307988537188,ok,TP,0
2026-01-25T19:45:00+00:00,2026-01-25T19:50:00+00:00,SOLUSDT,V3_TREND_BREAKOUT,SHORT,119.670135,120.97225324755901,117.71695762866149,117.71695762866149,1.671260753570638,3.02426868548032,2.1761791236535464,1.3897149607808625,ok,TP,0
2026-01-27T08:45:00+00:00,2026-01-27T14:15:00+00:00,BTCUSDT,V3_TREND_BREAKOUT,SHORT,88030.9625,88335.94650673104,87573.48648990343,88335.94650673104,0.0022719279026399376,-0.9329016747511839,0.6929016747511839,-1.3463694904276027,ok,SL,0
2026-01-27T09:00:00+00:00,2026-01-27T14:15:00+00:00,BTCUSDT,V3_TREND_BREAKOUT,SHORT,88016.26985,88286.82175625025,87610.44199062462,88286.82175625025,0.0022723071579930174,-0.8547770331811151,0.6147770331811151,-1.3903854357703296,ok,SL,0
2026-01-27T09:00:00+00:00,2026-01-27T14:15:00+00:00,SOLUSDT,V3_TREND_BREAKOUT,SHORT,123.81805999999999,124.36238284851562,123.00157572722654,124.36238284851562,1.6152732485067205,-1.1192301357582797,0.8792301357582796,-1.272966075933027,ok,SL,0
2026-01-27T09:45:00+00:00,2026-01-27T14:10:00+00:00,BTCUSDT,V3_TREND_BREAKOUT,SHORT,87905.42529999999,88174.54143530679,87501.75109703979,88174.54143530679,0.0022751724289763495,-0.8522856112427043,0.6122856112427043,-1.3919739343749926,ok,SL,0
2026-01-27T10:30:00+00:00,2026-01-27T12:20:00+00:00,BTCUSDT,V3_TREND_BREAKOUT,SHORT,87800.078,88098.95566084876,87351.76150872684,88098.95566084876,0.002277902304369251,-0.9208141123718998,0.6808141123718998,-1.3525191320782994,ok,SL,0
2026-01-27T10:45:00+00:00,2026-01-27T11:35:00+00:00,BTCUSDT,V3_TREND_BREAKOUT,SHORT,87727.41435,87973.808827931,87357.82263310351,87973.808827931,0.0022797890657311956,-0.8017274366436329,0.5617274366436329,-1.4272534762304285,ok,SL,0
2026-01-27T13:15:00+00:00,2026-01-27T14:10:00+00:00,SOLUSDT,V3_TREND_BREAKOUT,SHORT,123.368285,123.85926486296869,122.63181520554697,123.85926486296869,1.621162197399437,-1.0359579935291896,0.7959579935291896,-1.3015234496683254,ok,SL,0
2026-01-27T14:30:00+00:00,2026-01-27T16:05:00+00:00,BTCUSDT,V3_TREND_BREAKOUT,SHORT,88012.67165,88492.8732994922,87292.3691757617,88492.8732994922,0.002272400056157141,-1.3312102552728249,1.091210255272825,-1.2199392819489174,ok,SL,0
2026-01-27T17:30:00+00:00,2026-01-27T18:55:00+00:00,BTCUSDT,V3_TREND_BREAKOUT,SHORT,87694.63075,88314.13516457792,86765.37412813312,88314.13516457792,0.0022806413378962773,-1.6528673768956483,1.4128673768956483,-1.1698673236601498,ok,SL,0
2026-01-29T03:15:00+00:00,2026-01-29T14:40:00+00:00,SOLUSDT,V3_TREND_BREAKOUT,SHORT,122.86853500000001,124.05060547309182,121.09542929036229,121.09542929036229,1.6277560402262465,2.6461835288224416,1.9241223525482944,1.3752678073293283,ok,TP,0
2026-01-29T11:15:00+00:00,2026-01-29T14:55:00+00:00,BTCUSDT,V3_TREND_BREAKOUT,SHORT,87867.54425,88206.95144977132,87358.43345034303,87358.43345034303,0.0022761532908096493,0.9188142220259607,0.7725428146839738,1.1893376063588432,ok,TP,0
2026-01-29T11:15:00+00:00,2026-01-29T14:45:00+00:00,ETHUSDT,V3_TREND_BREAKOUT,SHORT,2930.1342,2949.7520104842624,2900.7074842736065,2900.7074842736065,0.06825625938907508,1.7685575415892874,1.3390383610595353,1.3207668973649778,ok,TP,0
2026-01-29T14:15:00+00:00,2026-01-29T14:35:00+00:00,ETHUSDT,V3_TREND_BREAKOUT,SHORT,2928.405065,2941.6839199587907,2908.486782561814,2908.486782561814,0.0682965626546613,1.1203502245128099,0.9069001496752169,1.2353622666332502,ok,TP,0
2026-01-29T14:30:00+00:00,2026-01-29T15:00:00+00:00,BTCUSDT,V3_TREND_BREAKOUT,SHORT,87639.05854999999,88100.90808472957,86946.28424790561,86946.28424790561,0.002282087499672257,1.3409715749037439,1.0539810499358293,1.2722919211739032,ok,TP,0
2026-01-29T14:30:00+00:00,2026-01-29T14:55:00+00:00,ETHUSDT,V3_TREND_BREAKOUT,SHORT,2910.354095,2932.4457828188765,2877.2165632716856,2877.2165632716856,0.06872016032124778,2.037216493020212,1.5181443286801415,1.3419122638961123,ok,TP,0
2026-01-29T14:30:00+00:00,2026-01-29T15:05:00+00:00,SOLUSDT,V3_TREND_BREAKOUT,SHORT,121.409265,123.20229628979,118.71971806531502,118.71971806531502,1.6473207378366057,4.190546440891448,2.9536976272609734,1.4187459143464969,ok,TP,0
2026-01-29T14:45:00+00:00,2026-01-29T14:55:00+00:00,BTCUSDT,V3_TREND_BREAKOUT,SHORT,87706.9246,88085.0432215346,87139.74666769811,87139.74666769811,0.0022803216611701834,1.0533481247657053,0.8622320831771478,1.2216526679039061,ok,TP,0
2026-01-29T14:45:00+00:00,2026-01-29T14:55:00+00:00,ETHUSDT,V3_TREND_BREAKOUT,SHORT,2907.46554,2924.4903697603854,2881.928295359422,2881.928295359422,0.06878843351656715,1.51666705515472,1.1711113701031362,1.2950664589834455,ok,TP,0
2026-01-29T14:45:00+00:00,2026-01-29T14:55:00+00:00,SOLUSDT,V3_TREND_BREAKOUT,SHORT,121.35929,122.10498941194786,120.24074088207823,120.24074088207823,1.6479990942596978,1.6033679332200665,1.2289119554800523,1.3047052932231746,ok,TP,0
2026-01-29T15:00:00+00:00,2026-01-29T15:30:00+00:00,BTCUSDT,V3_TREND_BREAKOUT,SHORT,86451.1528,87341.5687057107,85115.52894143393,85115.52894143393,0.0023134451481831484,2.84989253539731,2.059928356931529,1.3834910936623603,ok,TP,0
2026-01-29T15:00:00+00:00,2026-01-29T18:30:00+00:00,ETHUSDT,V3_TREND_BREAKOUT,SHORT,2849.45456,2891.5303433489294,2786.3408849766065,2786.3408849766065,0.0701888715151155,4.18987762706373,2.9532517513758303,1.4187336467714928,ok,TP,0
2026-01-29T15:00:00+00:00,2026-01-29T15:40:00+00:00,SOLUSDT,V3_TREND_BREAKOUT,SHORT,119.50022,121.07963302538016,117.13110046192975,117.13110046192975,1.6736370861911385,3.725046320534391,2.643364213689586,1.4092066092303648,ok,TP,0
2026-01-29T15:30:00+00:00,2026-01-29T17:55:00+00:00,BTCUSDT,V3_TREND_BREAKOUT,SHORT,85243.45695,86041.47607788321,84046.4282581752,84046.4282581752,0.0023462211312864872,2.568494011515571,1.872329341010392,1.371817422959092,ok,TP,0
2026-01-29T15:30:00+00:00,2026-01-29T18:30:00+00:00,ETHUSDT,V3_TREND_BREAKOUT,SHORT,2832.54302,2861.2659082957607,2789.458687556359,2789.458687556359,0.07060793025484216,2.8020955402570342,2.0280636935046896,1.3816605214280735,ok,TP,0
2026-01-29T15:30:00+00:00,2026-01-29T15:40:00+00:00,SOLUSDT,V3_TREND_BREAKOUT,SHORT,118.22086,119.63422439433289,116.10081340850067,116.10081340850067,1.691748816579409,3.346586312262204,2.391057541508136,1.399626004044795,ok,TP,0
2026-01-29T18:15:00+00:00,2026-01-30T01:35:00+00:00,BTCUSDT,V3_TREND_BREAKOUT,SHORT,84145.3063,85059.24816232515,82774.39350651226,82774.39350651226,0.0023768408339610502,3.0184415073612554,2.1722943382408366,1.3895177344179077,ok,TP,0
2026-01-29T18:45:00+00:00,2026-01-29T21:45:00+00:00,BTCUSDT,V3_TREND_BREAKOUT,SHORT,83808.075,84544.92979302525,82702.79281046212,84544.92979302525,0.00238640488998226,-1.998433881282331,1.758433881282331,-1.1364850862774443,ok,SL,0
2026-01-29T18:45:00+00:00,2026-01-29T23:35:00+00:00,ETHUSDT,V3_TREND_BREAKOUT,SHORT,2788.8448799999996,2825.809905454127,2733.3973418188084,2825.809905454127,0.07171427906739654,-2.8909201511507163,2.650920151150716,-1.0905346016913489,ok,SL,0
2026-01-29T18:45:00+00:00,2026-01-29T23:45:00+00:00,SOLUSDT,V3_TREND_BREAKOUT,SHORT,116.211865,117.80741543566859,113.81853934649712,117.80741543566859,1.7209946677991959,-2.985933791990319,2.7459337919903186,-1.0874019616569277,ok,SL,0
2026-01-30T01:30:00+00:00,2026-01-30T01:35:00+00:00,BTCUSDT,V3_TREND_BREAKOUT,SHORT,83674.7417,84349.39954278541,82662.75493582188,82662.75493582188,0.002390207557700773,2.1788584120316843,1.6125722746877893,1.351169461507413,ok,TP,0
2026-01-30T01:30:00+00:00,2026-01-30T01:35:00+00:00,ETHUSDT,V3_TREND_BREAKOUT,SHORT,2801.31864,2829.91324862268,2758.4267270659802,2758.4267270659802,0.07139494848754514,2.82226591445661,2.0415106096377507,1.3824399937639305,ok,TP,0
2026-01-30T01:30:00+00:00,2026-01-30T01:40:00+00:00,SOLUSDT,V3_TREND_BREAKOUT,SHORT,117.131405,118.33057502976423,115.33264995535365,115.33264995535365,1.7074840005547616,2.8313454596508185,2.0475636397672043,1.382787525946068,ok,TP,0
2026-01-30T18:15:00+00:00,2026-01-30T18:45:00+00:00,ETHUSDT,V3_TREND_BREAKOUT,SHORT,2658.65001,2725.4248067676162,2558.487814848575,2725.4248067676162,0.07522614832630792,-5.263210766099778,5.023210766099778,-1.0477782062460312,ok,SL,0
2026-01-31T06:15:00+00:00,2026-01-31T07:30:00+00:00,BTCUSDT,V3_TREND_BREAKOUT,SHORT,83891.13345000001,84160.46389080817,83487.13778878778,83487.13778878778,0.0023840421719799757,0.723142693626899,0.6420951290846109,1.1262236090434634,ok,TP,0
2026-01-31T07:30:00+00:00,2026-01-31T08:30:00+00:00,BTCUSDT,V3_TREND_BREAKOUT,SHORT,83458.25,83856.76316473389,82860.48025289917,82860.48025289917,0.0023964077847306886,1.1925000754289208,0.9550000502859471,1.2486911127092204,ok,TP,0
2026-01-31T07:30:00+00:00,2026-01-31T08:35:00+00:00,ETHUSDT,V3_TREND_BREAKOUT,SHORT,2678.2601999999997,2699.251712586805,2646.772931119792,2646.772931119792,0.07467534334416052,2.1113226145994277,1.5675484097329402,1.3468946805662794,ok,TP,0
2026-01-31T07:30:00+00:00,2026-01-31T08:15:00+00:00,SOLUSDT,V3_TREND_BREAKOUT,SHORT,117.491225,118.54848937906317,115.90532843140525,115.90532843140525,1.70225478541057,2.4596000230566126,1.7997333487044163,1.3666469117923599,ok,TP,0
2026-01-31T08:00:00+00:00,2026-01-31T08:35:00+00:00,BTCUSDT,V3_TREND_BREAKOUT,SHORT,83408.275,83796.20395326545,82826.38157010182,82826.38157010182,0.002397843619233224,1.1552894479550784,0.9301929653033855,1.2419890184594946,ok,TP,0
2026-01-31T08:00:00+00:00,2026-01-31T08:15:00+00:00,SOLUSDT,V3_TREND_BREAKOUT,SHORT,117.20137000000001,117.9333913523555,116.10333797146677,116.10333797146677,1.7064646940560506,1.6337528896347195,1.2491685930898049,1.3078722109028131,ok,TP,0
2026-01-31T08:15:00+00:00,2026-01-31T08:40:00+00:00,BTCUSDT,V3_TREND_BREAKOUT,SHORT,83173.09264999999,83530.38224231791,82637.15826152312,82637.15826152312,0.0024046238227742518,1.0487205979754441,0.8591470653169627,1.2206531807084071,ok,TP,0
2026-01-31T08:15:00+00:00,2026-01-31T08:35:00+00:00,ETHUSDT,V3_TREND_BREAKOUT,SHORT,2666.076295,2682.2273369363006,2641.8497320955485,2641.8497320955485,0.07501660787993317,1.5773945696817644,1.2115963797878315,1.3019142315017396,ok,TP,0
2026-01-31T08:15:00+00:00,2026-01-31T14:05:00+00:00,SOLUSDT,V3_TREND_BREAKOUT,SHORT,115.92201,117.54672054147296,113.48494418779055,113.48494418779055,1.7252978964046604,3.9646645192046854,2.8031096794697823,1.4143808029497493,ok,TP,0
2026-01-31T08:30:00+00:00,2026-01-31T14:15:00+00:00,BTCUSDT,V3_TREND_BREAKOUT,SHORT,82890.1342,83301.9549392952,82272.4030910572,82272.4030910572,0.0024128323826504315,1.2504816234277414,0.993654415618506,1.2584673340875479,ok,TP,0
2026-01-31T08:30:00+00:00,2026-01-31T08:40:00+00:00,ETHUSDT,V3_TREND_BREAKOUT,SHORT,2649.77445,2676.5010985837084,2609.684477124437,2609.684477124437,0.075478122298296,2.785915875637116,2.0172772504247325,1.3810277566212321,ok,TP,0
2026-01-31T13:30:00+00:00,2026-01-31T14:20:00+00:00,SOLUSDT,V3_TREND_BREAKOUT,SHORT,114.072935,115.43839692770077,112.02474210844886,112.02474210844886,1.753264260273482,3.3510233949028114,2.394015596601883,1.399750026549253,ok,TP,0
2026-01-31T14:00:00+00:00,2026-01-31T14:15:00+00:00,SOLUSDT,V3_TREND_BREAKOUT,SHORT,114.192875,115.0086687794971,112.96918433075436,112.96918433075436,1.7514227573305252,1.903199686049837,1.4287997906998997,1.3320268510940583,ok,TP,0
2026-01-31T14:15:00+00:00,2026-01-31T14:25:00+00:00,BTCUSDT,V3_TREND_BREAKOUT,SHORT,82191.8835,82809.70546509785,81265.15055235321,81265.15055235321,0.002433330293495464,2.01504735548927,1.5033649036595131,1.3403581196981598,ok,TP,0
2026-01-31T14:15:00+00:00,2026-01-31T14:25:00+00:00,ETHUSDT,V3_TREND_BREAKOUT,SHORT,2597.98036,2632.594290251579,2546.059464622632,2546.059464622632,0.07698287603683039,3.7570198525571756,2.6646799017047957,1.4099328966880893,ok,TP,0
2026-01-31T14:15:00+00:00,2026-01-31T14:25:00+00:00,SOLUSDT,V3_TREND_BREAKOUT,SHORT,112.24385,114.39804958096158,109.01255062855762,109.01255062855762,1.7818348176759797,5.517641726370533,3.8384278175803637,1.4374744006124618,ok,TP,0
2026-01-31T14:30:00+00:00,2026-01-31T16:15:00+00:00,BTCUSDT,V3_TREND_BREAKOUT,SHORT,81381.18905,81958.63364616229,80515.02215575657,80515.02215575657,0.0024575703837052747,1.888666106638641,1.419110737759082,1.3308800056160761,ok,TP,0
2026-01-31T14:30:00+00:00,2026-01-31T16:05:00+00:00,SOLUSDT,V3_TREND_BREAKOUT,SHORT,110.04495,111.50961746803577,107.84794879794634,107.84794879794634,1.8174391464578792,3.752915989427331,2.661943992951554,1.409840326980776,ok,TP,0
2026-01-31T16:45:00+00:00,2026-01-31T17:10:00+00:00,ETHUSDT,V3_TREND_BREAKOUT,SHORT,2502.6580449999997,2547.234826445011,2435.7928728324823,2435.7928728324823,0.07991503289855167,5.103532433534471,3.5623549556896354,1.4326288359848407,ok,TP,0
2026-01-31T16:45:00+00:00,2026-01-31T17:10:00+00:00,SOLUSDT,V3_TREND_BREAKOUT,SHORT,106.416765,108.88734131111849,102.71090053332226,102.71090053332226,1.8794031184841975,6.724813235353919,4.643208823569279,1.4483116075284528,ok,TP,0
2026-01-31T17:00:00+00:00,2026-01-31T17:10:00+00:00,BTCUSDT,V3_TREND_BREAKOUT,SHORT,80246.25679999999,81169.42274889712,78861.50787665429,78861.50787665429,0.0024923280907477798,3.211248640287237,2.3008324268581575,1.395689926307356,ok,TP,0
2026-01-31T17:00:00+00:00,2026-01-31T17:10:00+00:00,ETHUSDT,V3_TREND_BREAKOUT,SHORT,2480.629065,2527.7187674132247,2409.994511380163,2409.994511380163,0.08062471040989758,5.454890430531731,3.7965936203544874,1.436785438738215,ok,TP,0
2026-01-31T17:00:00+00:00,2026-01-31T17:10:00+00:00,SOLUSDT,V3_TREND_BREAKOUT,SHORT,106.28683000000001,108.25324550318146,103.33720674522783,103.33720674522783,1.8817006773087501,5.310308076310446,3.7002053842069644,1.4351387355349634,ok,TP,0
2026-01-31T18:30:00+00:00,2026-01-31T18:40:00+00:00,BTCUSDT,V3_TREND_BREAKOUT,SHORT,78333.8135,79535.4684630343,76531.33105544857,76531.33105544857,0.0025531758389370383,4.362054627536903,3.068036418357935,1.4217740706844504,ok,TP,0
2026-01-31T18:30:00+00:00,2026-01-31T18:40:00+00:00,ETHUSDT,V3_TREND_BREAKOUT,SHORT,2388.9749150000002,2447.7757417972443,2300.7736748041343,2300.7736748041343,0.08371791547254484,7.144023971291127,4.922682647527431,1.451246095435267,ok,TP,0
2026-02-01T07:00:00+00:00,2026-02-01T07:40:00+00:00,BTCUSDT,V3_TREND_BREAKOUT,SHORT,78070.24535,78654.1939419339,77194.32246209914,78654.1939419339,0.0025617954587355478,-1.7359568509512975,1.4959568509512975,-1.1604324348308448,ok,SL,0
2026-02-01T07:00:00+00:00,2026-02-01T07:40:00+00:00,ETHUSDT,V3_TREND_BREAKOUT,SHORT,2408.3252350000002,2433.98794301604,2369.8311729759407,2433.98794301604,0.083045261949431,-2.3711663095237787,2.1311663095237785,-1.1126143928455914,ok,SL,0
2026-02-01T10:30:00+00:00,2026-02-01T14:30:00+00:00,ETHUSDT,V3_TREND_BREAKOUT,SHORT,2405.3567199999998,2447.892964090492,2341.552353864261,2341.552353864261,0.08314775032619695,5.065189505175661,3.5367930034504282,1.4321419150722583,ok,TP,0
2026-02-01T10:45:00+00:00,2026-02-01T11:40:00+00:00,ETHUSDT,V3_TREND_BREAKOUT,SHORT,2390.594105,2411.9898952268854,2358.500419659672,2411.9898952268854,0.08366121190615083,-2.029997740071003,1.789997740071003,-1.134078381568504,ok,SL,0
2026-02-01T10:45:00+00:00,2026-02-01T11:40:00+00:00,SOLUSDT,V3_TREND_BREAKOUT,SHORT,104.337805,105.17968371225383,103.07498693161926,105.17968371225383,1.9168507522273446,-1.853755842867943,1.613755842867943,-1.1487213825193503,ok,SL,0
2026-02-01T14:15:00+00:00,2026-02-01T14:35:00+00:00,BTCUSDT,V3_TREND_BREAKOUT,SHORT,78021.56970000001,78499.0323542758,77305.37571858632,77305.37571858632,0.0025633936970124813,1.5958871377941164,1.223924758529411,1.3039095145943704,ok,TP,0
2026-02-01T14:15:00+00:00,2026-02-01T14:35:00+00:00,ETHUSDT,V3_TREND_BREAKOUT,SHORT,2369.884465,2395.4329042808304,2331.5618060787547,2331.5618060787547,0.08439229968959688,2.994137316583947,2.156091544389298,1.388687472188024,ok,TP,0
2026-02-01T14:15:00+00:00,2026-02-01T14:35:00+00:00,SOLUSDT,V3_TREND_BREAKOUT,SHORT,103.78808000000001,105.12627104732107,101.78079342901842,101.78079342901842,1.9270035634149894,3.628048375076582,2.578698916717721,1.4069298092754923,ok,TP,0
2026-02-01T14:30:00+00:00,2026-02-01T14:50:00+00:00,ETHUSDT,V3_TREND_BREAKOUT,SHORT,2340.539145,2384.5505539750566,2274.5220315374154,2384.5505539750566,0.08545039736987607,-4.000792385726698,3.760792385726698,-1.0638163385224002,ok,SL,0
2026-02-01T14:30:00+00:00,2026-02-01T23:05:00+00:00,SOLUSDT,V3_TREND_BREAKOUT,SHORT,102.418765,104.30296597251241,99.59246354123137,99.59246354123137,1.95276715160547,5.279108649217994,3.6794057661453294,1.4347720759128362,ok,TP,0
2026-02-01T15:15:00+00:00,2026-02-01T18:00:00+00:00,BTCUSDT,V3_TREND_BREAKOUT,SHORT,77239.76079999999,78101.25046257993,75947.52630613008,78101.25046257993,0.0025893399711305167,-2.470689618033993,2.230689618033993,-1.1075900466204363,ok,SL,0
2026-02-01T15:15:00+00:00,2026-02-01T18:20:00+00:00,ETHUSDT,V3_TREND_BREAKOUT,SHORT,2321.248795,2365.9872073918364,2254.1411764122454,2365.9872073918364,0.08616051860998382,-4.09468481346795,3.85468481346795,-1.0622618998994313,ok,SL,0
2026-02-01T15:15:00+00:00,2026-02-01T18:00:00+00:00,SOLUSDT,V3_TREND_BREAKOUT,SHORT,101.239355,102.8265948402368,98.85849523964481,102.8265948402368,1.9755163394709498,-3.37561823904704,3.13561823904704,-1.0765399298330844,ok,SL,0
2026-02-01T15:30:00+00:00,2026-02-01T18:00:00+00:00,ETHUSDT,V3_TREND_BREAKOUT,SHORT,2299.419715,2342.0959782924197,2235.4053200613707,2342.0959782924197,0.08697846621707338,-3.9519159250506526,3.7119159250506524,-1.0646566368543828,ok,SL,0
2026-02-01T20:15:00+00:00,2026-02-01T23:05:00+00:00,BTCUSDT,V3_TREND_BREAKOUT,SHORT,77177.392,77854.40553793218,76161.87169310174,76161.87169310174,0.002591432475458616,2.391652302783868,1.7544348685225661,1.363203813201633,ok,TP,0
2026-02-01T23:00:00+00:00,2026-02-02T03:20:00+00:00,ETHUSDT,V3_TREND_BREAKOUT,SHORT,2293.63261,2352.1841103365277,2205.805359495209,2205.805359495209,0.08719792312335496,7.418353837652422,5.105569225101628,1.4529925088822504,ok,TP,0
2026-02-01T23:00:00+00:00,2026-02-02T03:20:00+00:00,SOLUSDT,V3_TREND_BREAKOUT,SHORT,100.78958,103.11417959307036,97.30268061039446,97.30268061039446,1.9843321105217424,6.679166424952936,4.612777616635291,1.447970611213843,ok,TP,0
2026-02-02T03:15:00+00:00,2026-02-02T04:30:00+00:00,BTCUSDT,V3_TREND_BREAKOUT,SHORT,75538.212,76548.97985622616,74022.06021566076,76548.97985622616,0.0026476665876073425,-2.9161762807574982,2.6761762807574985,-1.0896801909970097,ok,SL,0
2026-02-02T03:15:00+00:00,2026-02-02T09:25:00+00:00,ETHUSDT,V3_TREND_BREAKOUT,SHORT,2215.33178,2268.763764992443,2135.183802511335,2268.763764992443,0.09027993089143514,-5.06383591250997,4.82383591250997,-1.049752936118244,ok,SL,0
2026-02-02T03:15:00+00:00,2026-02-02T04:20:00+00:00,SOLUSDT,V3_TREND_BREAKOUT,SHORT,98.60067500000001,100.6083981434692,95.58909028479621,100.6083981434692,2.028383679929169,-4.312432858028999,4.072432858028999,-1.0589328316430875,ok,SL,0
2026-02-02T03:30:00+00:00,2026-02-02T03:45:00+00:00,BTCUSDT,V3_TREND_BREAKOUT,SHORT,74799.48155,75855.65272363857,73215.22478954213,75855.65272363857,0.002673815324058219,-3.0640066689033807,2.824006668903381,-1.0849856349996498,ok,SL,0
2026-02-03T02:45:00+00:00,2026-02-03T03:55:00+00:00,BTCUSDT,V3_TREND_BREAKOUT,SHORT,77993.88355,78704.37490114008,76928.14652328988,78704.37490114008,0.0025643036466030675,-2.06191556260845,1.82191556260845,-1.1317294856718771,ok,SL,0
2026-02-03T02:45:00+00:00,2026-02-03T03:55:00+00:00,ETHUSDT,V3_TREND_BREAKOUT,SHORT,2303.557645,2332.8325605475666,2259.64527167865,2332.8325605475666,0.08682222493286032,-2.781713302561326,2.5417133025613263,-1.094424496955714,ok,SL,0
2026-02-03T02:45:00+00:00,2026-02-03T03:40:00+00:00,SOLUSDT,V3_TREND_BREAKOUT,SHORT,102.638655,103.72921077571647,101.0028213364253,103.72921077571647,1.9485836013731863,-2.365039100943923,2.1250391009439227,-1.1129390983410115,ok,SL,0
2026-02-03T09:00:00+00:00,2026-02-03T09:10:00+00:00,ETHUSDT,V3_TREND_BREAKOUT,SHORT,2311.873485,2335.0057051635845,2277.1751547546237,2277.1751547546237,0.08650992422277813,2.7617499201844415,2.0011666134563075,1.3800699560015621,ok,TP,0
2026-02-03T09:15:00+00:00,2026-02-03T13:35:00+00:00,ETHUSDT,V3_TREND_BREAKOUT,SHORT,2284.0174199999997,2309.0752976519,2246.430603522149,2309.0752976519,0.08756500639999498,-2.4341932169589606,2.194193216958961,-1.1093796107585399,ok,SL,0
2026-02-03T14:30:00+00:00,2026-02-03T15:00:00+00:00,BTCUSDT,V3_TREND_BREAKOUT,SHORT,78031.1649,78686.06507400212,77048.81463899682,77048.81463899682,0.0025630784860934453,2.277840819785548,1.6785605465236864,1.3570203496698268,ok,TP,0
2026-02-03T14:30:00+00:00,2026-02-03T14:50:00+00:00,SOLUSDT,V3_TREND_BREAKOUT,SHORT,102.72861,103.83981051082084,101.06180923376874,101.06180923376874,1.946877311004208,3.005056593740073,2.1633710624933724,1.3890620272403125,ok,TP,0
2026-02-03T14:45:00+00:00,2026-02-03T15:00:00+00:00,BTCUSDT,V3_TREND_BREAKOUT,SHORT,77952.90405,78523.25328300196,77097.38020049705,77097.38020049705,0.0025656516897910233,1.9549762101337598,1.4633174734225065,1.3359891107985804,ok,TP,0
2026-02-03T14:45:00+00:00,2026-02-03T16:30:00+00:00,ETHUSDT,V3_TREND_BREAKOUT,SHORT,2286.2563,2313.6589366964163,2245.1523449553756,2245.1523449553756,0.08747925593469114,3.355743403276737,2.3971622688511576,1.3998816212325,ok,TP,0
2026-02-03T14:45:00+00:00,2026-02-03T16:30:00+00:00,SOLUSDT,V3_TREND_BREAKOUT,SHORT,101.79907499999999,102.94910976004792,100.07402285992809,100.07402285992809,1.9646543939618315,3.14913126680551,2.2594208445370065,1.3937780889380171,ok,TP,0
2026-02-03T15:00:00+00:00,2026-02-03T15:25:00+00:00,SOLUSDT,V3_TREND_BREAKOUT,SHORT,100.979485,102.34488763433022,98.93138104850466,102.34488763433022,1.9806003169851778,-2.9443168903668377,2.7043168903668375,-1.088746995906772,ok,SL,0
2026-02-03T16:15:00+00:00,2026-02-03T17:10:00+00:00,BTCUSDT,V3_TREND_BREAKOUT,SHORT,77104.8283,77895.4410680915,75918.90914786272,75918.90914786272,0.002593871284192977,2.836121634103348,2.050747756068886,1.3829695171969656,ok,TP,0
2026-02-03T16:15:00+00:00,2026-02-03T17:40:00+00:00,SOLUSDT,V3_TREND_BREAKOUT,SHORT,100.939505,102.24968830772403,98.97423003841395,98.97423003841395,1.9813847908209972,3.6539659186679136,2.5959772791119424,1.4075492678880064,ok,TP,0
2026-02-03T16:45:00+00:00,2026-02-03T17:10:00+00:00,BTCUSDT,V3_TREND_BREAKOUT,SHORT,76679.14125,77340.47571687482,75687.13954968777,75687.13954968777,0.0026082712552548313,2.347409520088317,1.7249396800588654,1.3608646999228455,ok,TP,0
2026-02-03T17:00:00+00:00,2026-02-03T17:40:00+00:00,BTCUSDT,V3_TREND_BREAKOUT,SHORT,76334.71355,77031.2988799552,75289.8355550672,75289.8355550672,0.0026200399621464222,2.497622102291368,1.8250814015275656,1.3684990160991701,ok,TP,0
2026-02-03T17:00:00+00:00,2026-02-03T17:55:00+00:00,ETHUSDT,V3_TREND_BREAKOUT,SHORT,2240.349265,2267.170834573167,2200.1169106402485,2200.1169106402485,0.0892717948600751,3.3516144851415657,2.3944096567610305,1.3997665251965976,ok,TP,0
2026-02-03T17:00:00+00:00,2026-02-03T18:00:00+00:00,SOLUSDT,V3_TREND_BREAKOUT,SHORT,100.679635,101.9086243484219,98.83615097736717,98.83615097736717,1.9864990571330536,3.4220792727999783,2.441386181866652,1.401695191943579,ok,TP,0
2026-02-03T17:30:00+00:00,2026-02-03T18:15:00+00:00,BTCUSDT,V3_TREND_BREAKOUT,SHORT,75686.73770000001,76468.02148322666,74514.81202516003,74514.81202516003,0.0026424708750526576,2.8567794634910744,2.0645196423273826,1.3837501978283715,ok,TP,0
2026-02-03T17:30:00+00:00,2026-02-03T18:10:00+00:00,ETHUSDT,V3_TREND_BREAKOUT,SHORT,2225.2068400000003,2257.277556341149,2177.100765488277,2177.100765488277,0.08987928510951368,4.083739586538693,2.882493057692462,1.4167387413615737,ok,TP,0
2026-02-03T17:30:00+00:00,2026-02-03T18:30:00+00:00,SOLUSDT,V3_TREND_BREAKOUT,SHORT,99.85005000000001,101.3568750759352,97.58981238609721,97.58981238609721,2.0030035037538787,4.28726385996362,3.0181759066424036,1.420481771963061,ok,TP,0
2026-02-03T17:45:00+00:00,2026-02-03T18:45:00+00:00,BTCUSDT,V3_TREND_BREAKOUT,SHORT,74951.40555,75902.19852013905,73525.21609479142,73525.21609479142,0.00266839558954742,3.5656376521375925,2.537091768091741,1.405403500567686,ok,TP,0
2026-02-03T17:45:00+00:00,2026-02-03T18:20:00+00:00,ETHUSDT,V3_TREND_BREAKOUT,SHORT,2207.05592,2244.9463023167814,2150.2203465248276,2150.2203465248276,0.09061845610146571,4.910351919961518,3.4335679466410256,1.430101863795995,ok,TP,0
2026-02-03T18:00:00+00:00,2026-02-03T18:40:00+00:00,BTCUSDT,V3_TREND_BREAKOUT,SHORT,75012.77485,75817.5986258434,73805.5391862349,73805.5391862349,0.0026662125271319703,2.9787468499309773,2.1458312332873177,1.3881552303475748,ok,TP,0
2026-02-03T18:00:00+00:00,2026-02-03T20:20:00+00:00,ETHUSDT,V3_TREND_BREAKOUT,SHORT,2179.519695,2232.0615664370116,2100.7068878444825,2232.0615664370116,0.09176333687592578,-5.061417448766083,4.821417448766082,-1.0497778926115229,ok,SL,0
2026-02-03T18:00:00+00:00,2026-02-03T20:30:00+00:00,SOLUSDT,V3_TREND_BREAKOUT,SHORT,98.720615,100.33439738690332,96.29994141964501,100.33439738690332,2.025919307735269,-3.509392896110552,3.2693928961105523,-1.0734081242684281,ok,SL,0
2026-02-03T18:15:00+00:00,2026-02-03T18:45:00+00:00,BTCUSDT,V3_TREND_BREAKOUT,SHORT,74676.74295,75421.29872399745,73559.90928900383,73559.90928900383,0.002678210003533637,2.751115083163036,1.994076722108691,1.3796435476433395,ok,TP,0
2026-02-03T18:15:00+00:00,2026-02-03T19:30:00+00:00,ETHUSDT,V3_TREND_BREAKOUT,SHORT,2167.37577,2210.4914545486536,2102.70224317702,2210.4914545486536,0.09227749187211777,-4.218607230499163,3.9786072304991635,-1.0603226169600786,ok,SL,0
2026-02-03T18:15:00+00:00,2026-02-03T19:20:00+00:00,SOLUSDT,V3_TREND_BREAKOUT,SHORT,98.45075,99.80979757355307,96.4121786396704,99.80979757355307,2.0314725890864214,-3.0008678929374746,2.7608678929374744,-1.0869291865119441,ok,SL,0
2026-02-03T18:30:00+00:00,2026-02-03T18:50:00+00:00,BTCUSDT,V3_TREND_BREAKOUT,SHORT,74199.98145,74873.09167228335,73190.31611657499,73190.31611657499,0.002695418463612028,2.48147058178278,1.8143137211885199,1.36771857744493,ok,TP,0
2026-02-03T18:30:00+00:00,2026-02-03T19:10:00+00:00,ETHUSDT,V3_TREND_BREAKOUT,SHORT,2143.9275,2175.999207795178,2095.8199383072324,2175.999207795178,0.09328673660839745,-3.2318649576702665,2.9918649576702667,-1.0802175243186394,ok,SL,0
2026-02-03T18:30:00+00:00,2026-02-03T19:10:00+00:00,SOLUSDT,V3_TREND_BREAKOUT,SHORT,98.000975,99.11338346115643,96.33236230826535,99.11338346115643,2.0407960226926316,-2.510198763137682,2.2701987631376817,-1.10571761552204,ok,SL,0
2026-02-03T18:45:00+00:00,2026-02-03T19:10:00+00:00,BTCUSDT,V3_TREND_BREAKOUT,SHORT,73218.7723,74345.8851242631,71528.10306360533,74345.8851242631,0.0027315399277734135,-3.318753682580142,3.078753682580142,-1.077953621739193,ok,SL,0
2026-02-03T18:45:00+00:00,2026-02-03T19:10:00+00:00,ETHUSDT,V3_TREND_BREAKOUT,SHORT,2116.651145,2162.5206929526657,2047.846823071001,2162.5206929526657,0.09448888187004478,-4.574162297931806,4.3341622979318055,-1.0553740223605665,ok,SL,0
2026-02-03T18:45:00+00:00,2026-02-03T19:10:00+00:00,SOLUSDT,V3_TREND_BREAKOUT,SHORT,97.001475,98.72814178535954,94.4114748219607,98.72814178535954,2.0618243176199127,-3.800083566480903,3.560083566480903,-1.0674141478755335,ok,SL,0
2026-02-04T05:45:00+00:00,2026-02-04T06:45:00+00:00,SOLUSDT,V3_TREND_BREAKOUT,SHORT,97.461245,98.54922910814729,95.82926883777908,98.54922910814729,2.0520977338223,-2.4726497227637134,2.232649722763713,-1.1074955903530237,ok,SL,0
2026-02-04T11:00:00+00:00,2026-02-04T13:45:00+00:00,BTCUSDT,V3_TREND_BREAKOUT,SHORT,75943.6092,76548.01171915166,75037.00542127252,75037.00542127252,0.00263353298726287,2.1475709576559963,1.5917139717706639,1.3492191409660008,ok,TP,0
2026-02-04T11:00:00+00:00,2026-02-04T14:05:00+00:00,ETHUSDT,V3_TREND_BREAKOUT,SHORT,2241.7985400000002,2274.7112729381265,2192.429440592811,2192.429440592811,0.08921408254641827,4.164418909755327,2.936279273170218,1.418263905551164,ok,TP,0
2026-02-04T11:00:00+00:00,2026-02-04T14:30:00+00:00,SOLUSDT,V3_TREND_BREAKOUT,SHORT,95.922015,97.74398901271057,93.18905398093415,93.18905398093415,2.085027092060149,5.458297766296619,3.7988651775310798,1.4368232383135062,ok,TP,0
2026-02-04T13:30:00+00:00,2026-02-04T13:55:00+00:00,BTCUSDT,V3_TREND_BREAKOUT,SHORT,75684.3389,76224.30591018572,74874.38838472142,74874.38838472142,0.0026425546276390875,1.9003384823080907,1.4268923215387144,1.3318023046468057,ok,TP,0
2026-02-04T13:30:00+00:00,2026-02-04T14:30:00+00:00,ETHUSDT,V3_TREND_BREAKOUT,SHORT,2224.58715,2251.773908342961,2183.807012485558,2183.807012485558,0.08990432224693917,3.4263106243728663,2.4442070829152445,1.4018086471978681,ok,TP,0
2026-02-04T13:45:00+00:00,2026-02-04T14:35:00+00:00,BTCUSDT,V3_TREND_BREAKOUT,SHORT,74996.98275,75744.95548802959,73875.02364295561,75744.95548802959,0.0026667739509827148,-2.234674213822543,1.994674213822543,-1.1203204003625584,ok,SL,0
2026-02-04T13:45:00+00:00,2026-02-04T15:35:00+00:00,ETHUSDT,V3_TREND_BREAKOUT,SHORT,2197.42074,2234.099343461321,2142.4028348080183,2142.4028348080183,0.0910157970020798,4.767498490433083,3.3383323269553755,1.4281078165699386,ok,TP,0
2026-02-04T13:45:00+00:00,2026-02-04T15:35:00+00:00,SOLUSDT,V3_TREND_BREAKOUT,SHORT,94.33281,95.92157940441733,91.949655893374,91.949655893374,2.1201531047363056,4.812651578228179,3.368434385485463,1.4287502820199878,ok,TP,0
2026-02-04T14:45:00+00:00,2026-02-04T14:55:00+00:00,BTCUSDT,V3_TREND_BREAKOUT,SHORT,75342.50989999999,75956.27668402782,74421.85972395825,74421.85972395825,0.0026545438991275234,2.2039063080422947,1.6292708720281963,1.3526948439818138,ok,TP,0
2026-02-04T14:45:00+00:00,2026-02-04T14:55:00+00:00,ETHUSDT,V3_TREND_BREAKOUT,SHORT,2206.65612,2232.573538593263,2167.779992110106,2167.779992110106,0.09063487427302447,3.283532963522579,2.3490219756817328,1.3978298191823568,ok,TP,0
2026-02-04T14:45:00+00:00,2026-02-04T14:55:00+00:00,SOLUSDT,V3_TREND_BREAKOUT,SHORT,94.64265499999999,95.78927919016981,92.92271871474526,92.92271871474526,2.1132120606717977,3.39459010158735,2.42306006772489,1.400951691954822,ok,TP,0
2026-02-04T16:30:00+00:00,2026-02-05T02:55:00+00:00,BTCUSDT,V3_TREND_BREAKOUT,SHORT,73493.4349,74851.99420135606,71455.59594796589,71455.59594796589,0.002721331507666408,5.305635347720292,3.6970902318135415,1.4350840837113428,ok,TP,0
2026-02-04T16:30:00+00:00,2026-02-04T19:00:00+00:00,SOLUSDT,V3_TREND_BREAKOUT,SHORT,91.77408999999999,93.91715932326959,88.55948601509559,93.91715932326959,2.1792643217709924,-4.9103145152833445,4.670314515283344,-1.0513884020475739,ok,SL,0
2026-02-04T17:15:00+00:00,2026-02-05T04:05:00+00:00,BTCUSDT,V3_TREND_BREAKOUT,SHORT,73107.428,74561.56441704783,70926.22337442826,70926.22337442826,0.0027357001261212473,5.727121769272866,3.9780811795152573,1.4396694061358335,ok,TP,0
2026-02-04T17:15:00+00:00,2026-02-04T19:00:00+00:00,SOLUSDT,V3_TREND_BREAKOUT,SHORT,91.644155,93.78814104709305,88.42817592936042,93.78814104709305,2.1823541283129297,-4.91893680091884,4.67893680091884,-1.0512937041493848,ok,SL,0
2026-02-04T18:00:00+00:00,2026-02-04T18:35:00+00:00,ETHUSDT,V3_TREND_BREAKOUT,SHORT,2106.556195,2157.3103498856794,2030.4249626714811,2157.3103498856794,0.09494168751572278,-5.058685113280761,4.818685113280761,-1.0498061181334586,ok,SL,0
2026-02-05T02:45:00+00:00,2026-02-05T12:15:00+00:00,BTCUSDT,V3_TREND_BREAKOUT,SHORT,71829.56725,73260.63165617257,69682.97064074113,69682.97064074113,0.002784368716908844,5.7369164466429785,3.9846109644286525,1.4397682729524854,ok,TP,0
2026-02-05T03:45:00+00:00,2026-02-05T05:20:00+00:00,BTCUSDT,V3_TREND_BREAKOUT,SHORT,71390.0871,72119.95262734134,70295.288808988,70295.288808988,0.0028015093989148527,2.8270877021860485,2.0447251347906854,1.3826248105838697,ok,TP,0
2026-02-05T04:00:00+00:00,2026-02-05T12:15:00+00:00,BTCUSDT,V3_TREND_BREAKOUT,SHORT,71011.2766,72062.4774396741,69434.47534048885,69434.47534048885,0.002816454084139082,4.200988347225827,2.960658898150552,1.4189369636097144,ok,TP,0
2026-02-05T05:15:00+00:00,2026-02-05T07:00:00+00:00,BTCUSDT,V3_TREND_BREAKOUT,SHORT,70563.1008,71579.5341251207,69038.45081231894,71579.5341251207,0.0028343425633585535,-3.1209202362056603,2.88092023620566,-1.0833067146336874,ok,SL,0
2026-02-05T11:15:00+00:00,2026-02-05T12:15:00+00:00,BTCUSDT,V3_TREND_BREAKOUT,SHORT,70647.95835,71458.12221397454,69432.7125540382,69432.7125540382,0.0028309381427439368,3.2002856765974865,2.2935237843983245,1.395357527298126,ok,TP,0
2026-02-05T11:15:00+00:00,2026-02-05T14:35:00+00:00,SOLUSDT,V3_TREND_BREAKOUT,SHORT,89.85505,91.25347864631438,87.75740703052844,91.25347864631438,2.2258070080646553,-3.3526322812448983,3.112632281244898,-1.0771051567659036,ok,SL,0
2026-02-05T12:15:00+00:00,2026-02-05T14:30:00+00:00,BTCUSDT,V3_TREND_BREAKOUT,SHORT,69387.38895000001,70482.11988112575,67745.29255331139,70482.11988112575,0.0028823681511364893,-3.3954175699408307,3.1554175699408304,-1.076059663952654,ok,SL,0
2026-02-05T13:15:00+00:00,2026-02-05T14:30:00+00:00,SOLUSDT,V3_TREND_BREAKOUT,SHORT,88.79558,90.24226532300978,86.62555201548534,90.24226532300978,2.2523643631811403,-3.498462466284412,3.258462466284412,-1.0736543699623058,ok,SL,0
2026-02-05T15:00:00+00:00,2026-02-05T15:25:00+00:00,BTCUSDT,V3_TREND_BREAKOUT,SHORT,68909.3281,70306.67212857983,66813.31205713026,66813.31205713026,0.0029023646800004133,5.84340293153937,4.055601954359581,1.4408225948451345,ok,TP,0
2026-02-05T15:00:00+00:00,2026-02-05T15:25:00+00:00,ETHUSDT,V3_TREND_BREAKOUT,SHORT,2025.656665,2083.385403710374,1939.0635569344392,1939.0635569344392,0.0987334149244882,8.309633268238052,5.699755512158702,1.4578929307602697,ok,TP,0
2026-02-05T15:00:00+00:00,2026-02-05T15:20:00+00:00,SOLUSDT,V3_TREND_BREAKOUT,SHORT,87.965995,90.2949258549397,84.47259871759046,84.47259871759046,2.273605840529627,7.702606190970837,5.295070793980558,1.454674826959286,ok,TP,0
2026-02-05T15:15:00+00:00,2026-02-05T17:55:00+00:00,BTCUSDT,V3_TREND_BREAKOUT,SHORT,68230.46770000001,69485.54554796699,66347.85092804953,66347.85092804953,0.0029312418153041617,5.278405004134167,3.6789366694227783,1.4347637587798825,ok,TP,0
2026-02-05T15:15:00+00:00,2026-02-05T18:45:00+00:00,ETHUSDT,V3_TREND_BREAKOUT,SHORT,1995.88156,2047.7128748739185,1918.1345876891223,1918.1345876891223,0.10020634691369161,7.5507400788729875,5.1938267192486585,1.453791296288237,ok,TP,0
2026-02-05T15:15:00+00:00,2026-02-05T17:15:00+00:00,SOLUSDT,V3_TREND_BREAKOUT,SHORT,86.33681,88.66600257958686,82.84302113061972,82.84302113061972,2.316509030157589,7.853393465383496,5.395595643589008,1.4555192761182574,ok,TP,0
2026-02-05T17:45:00+00:00,2026-02-05T20:15:00+00:00,BTCUSDT,V3_TREND_BREAKOUT,SHORT,66768.39910000001,68275.36362104656,64507.95231843018,64507.95231843018,0.002995429015760241,6.53100787809612,4.51400525206408,1.4468321398407198,ok,TP,0
2026-02-05T18:15:00+00:00,2026-02-05T20:35:00+00:00,BTCUSDT,V3_TREND_BREAKOUT,SHORT,65745.9106,67454.64312222891,63182.81181665664,63182.81181665664,0.0030420142967796993,7.556983142989157,5.197988761992772,1.453828295714131,ok,TP,0
2026-02-05T18:15:00+00:00,2026-02-05T20:25:00+00:00,SOLUSDT,V3_TREND_BREAKOUT,SHORT,82.228865,84.65988664691834,78.58233252962249,78.58233252962249,2.432235930776863,8.629227297196692,5.912818198131128,1.459410218282061,ok,TP,0
2026-02-05T18:30:00+00:00,2026-02-05T20:25:00+00:00,ETHUSDT,V3_TREND_BREAKOUT,SHORT,1929.9145600000002,1977.0716049793805,1859.1789925309297,1859.1789925309297,0.10363153071398144,7.0904351327418835,4.886956755161256,1.450889682061023,ok,TP,0
2026-02-05T18:30:00+00:00,2026-02-05T20:25:00+00:00,SOLUSDT,V3_TREND_BREAKOUT,SHORT,81.59918,83.82060902928131,78.26703645607805,78.26703645607805,2.451005022354391,7.927100561358479,5.444733707572332,1.4559207092779882,ok,TP,0
2026-02-05T19:45:00+00:00,2026-02-05T20:20:00+00:00,BTCUSDT,V3_TREND_BREAKOUT,SHORT,65498.53435,66768.35600219757,63593.80187170365,63593.80187170365,0.0030535034407224103,5.576107176133644,3.877404784089096,1.4381029287979323,ok,TP,0
2026-02-05T20:00:00+00:00,2026-02-05T20:35:00+00:00,BTCUSDT,V3_TREND_BREAKOUT,SHORT,65159.2041,66538.0020020406,63091.007246939116,63091.007246939116,0.0030694052016513197,6.108134178823975,4.2320894525493165,1.4432904236333122,ok,TP,0
2026-02-05T20:15:00+00:00,2026-02-06T00:05:00+00:00,BTCUSDT,V3_TREND_BREAKOUT,SHORT,64190.2888,65979.98757332341,61505.74064001489,61505.74064001489,0.0031157360986978455,8.124343610758492,5.576229073838987,1.4569601612806844,ok,TP,0
2026-02-05T20:15:00+00:00,2026-02-06T00:10:00+00:00,ETHUSDT,V3_TREND_BREAKOUT,SHORT,1888.745155,1955.4591258630007,1788.674198705499,1788.674198705499,0.10589041060968334,10.356554652128386,7.064369768085591,1.4660266934094761,ok,TP,0
2026-02-05T20:15:00+00:00,2026-02-06T00:05:00+00:00,SOLUSDT,V3_TREND_BREAKOUT,SHORT,80.269845,82.8711971707554,76.36781674386691,76.36781674386691,2.4915956920061326,9.482276793067417,6.4815178620449325,1.4629716364116814,ok,TP,0
2026-02-06T00:00:00+00:00,2026-02-06T01:00:00+00:00,BTCUSDT,V3_TREND_BREAKOUT,SHORT,62225.57165,64208.764548890846,59250.78230166373,64208.764548890846,0.00321411269831219,-6.614205479527636,6.374205479527636,-1.0376517513862427,ok,SL,0
2026-02-06T00:00:00+00:00,2026-02-06T00:35:00+00:00,ETHUSDT,V3_TREND_BREAKOUT,SHORT,1810.964065,1873.365613721036,1717.3617419184457,1873.365613721036,0.11043841446958806,-7.131528101197976,6.891528101197975,-1.0348253676798156,ok,SL,0
2026-02-06T00:00:00+00:00,2026-02-06T00:10:00+00:00,SOLUSDT,V3_TREND_BREAKOUT,SHORT,77.54120999999999,80.9123912842141,72.48443807367883,72.48443807367883,2.5792736533257608,12.802798600437526,8.695199066958338,1.4723985617635853,ok,TP,0
2026-02-06T00:15:00+00:00,2026-02-06T00:35:00+00:00,SOLUSDT,V3_TREND_BREAKOUT,SHORT,67.52622000000001,75.87936333534165,54.99650499698755,75.87936333534165,2.9618124633660816,-24.980444038898195,24.740444038898197,-1.009700715137637,ok,SL,0
2026-02-07T07:00:00+00:00,2026-02-07T07:15:00+00:00,BTCUSDT,V3_TREND_BREAKOUT,SHORT,68712.02679999999,69589.64239832807,67395.60340250787,67395.60340250787,0.002910698596944895,3.5917117360657533,2.554474490710488,1.4060472121084966,ok,TP,0
2026-02-07T07:00:00+00:00,2026-02-07T07:15:00+00:00,SOLUSDT,V3_TREND_BREAKOUT,SHORT,86.15690000000001,87.41902790777964,84.26370813833057,84.26370813833057,2.3213462879931845,4.154753900545252,2.929835933696846,1.4180841502967074,ok,TP,0
2026-02-09T07:30:00+00:00,2026-02-09T08:15:00+00:00,SOLUSDT,V3_TREND_BREAKOUT,SHORT,86.146905,86.96073968179705,84.92615297730444,84.92615297730444,2.3216156169510676,2.594116960314625,1.8894113068764276,1.3729763079502344,ok,TP,0
2026-02-09T08:15:00+00:00,2026-02-09T10:30:00+00:00,SOLUSDT,V3_TREND_BREAKOUT,SHORT,84.827565,85.97218479624932,83.11063530562603,83.11063530562603,2.357724166666814,3.808046632893385,2.6986977552622564,1.4110682181685525,ok,TP,0
2026-02-09T08:30:00+00:00,2026-02-09T15:00:00+00:00,SOLUSDT,V3_TREND_BREAKOUT,SHORT,84.087935,85.29774302508866,82.27322296236702,85.29774302508866,2.378462498811512,-3.1174830184346005,2.8774830184346003,-1.0834062263660427,ok,SL,0
2026-02-09T10:15:00+00:00,2026-02-09T15:00:00+00:00,ETHUSDT,V3_TREND_BREAKOUT,SHORT,2031.673655,2051.9951179206414,2001.191460619038,2051.9951179206414,0.09844100675706208,-2.2404652686842415,2.0004652686842417,-1.1199720903716834,ok,SL,0
2026-02-09T10:15:00+00:00,2026-02-09T14:35:00+00:00,SOLUSDT,V3_TREND_BREAKOUT,SHORT,83.688135,84.67395647792343,82.20940278311487,84.67395647792343,2.389825033142392,-2.5959408461508264,2.3559408461508267,-1.1018701298855256,ok,SL,0
2026-02-09T10:30:00+00:00,2026-02-09T13:10:00+00:00,ETHUSDT,V3_TREND_BREAKOUT,SHORT,2018.140425,2039.9468952120244,1985.4307196819636,2039.9468952120244,0.09910113167670183,-2.4010458758859015,2.1610458758859012,-1.1110573369487653,ok,SL,0
2026-02-09T10:30:00+00:00,2026-02-09T12:40:00+00:00,SOLUSDT,V3_TREND_BREAKOUT,SHORT,83.19838,84.30938815807174,81.53186776289239,84.30938815807174,2.4038929604158157,-2.910744690153199,2.670744690153199,-1.0898625768628722,ok,SL,0
2026-02-10T03:15:00+00:00,2026-02-10T11:40:00+00:00,SOLUSDT,V3_TREND_BREAKOUT,SHORT,85.687135,86.88076160563506,83.8966950915474,83.8966950915474,2.334072670302257,3.939016858137683,2.786011238758445,1.413855336740516,ok,TP,0
2026-02-10T03:30:00+00:00,2026-02-10T04:10:00+00:00,SOLUSDT,V3_TREND_BREAKOUT,SHORT,85.467245,86.32642149094684,84.17848026357976,86.32642149094684,2.340077768974535,-2.2505398060902433,2.0105398060902435,-1.1193709267894134,ok,SL,0
2026-02-10T06:15:00+00:00,2026-02-10T06:40:00+00:00,ETHUSDT,V3_TREND_BREAKOUT,SHORT,2050.244365,2065.5238415781064,2027.3251501328405,2027.3251501328405,0.0975493474896101,1.9957544552655853,1.4905029701770567,1.3389805288536325,ok,TP,0
2026-02-10T06:30:00+00:00,2026-02-10T11:40:00+00:00,BTCUSDT,V3_TREND_BREAKOUT,SHORT,69138.71335,69564.1851870068,68500.5055944898,68500.5055944898,0.0028927353476704523,1.606166133521779,1.2307774223478527,1.3050012978445997,ok,TP,0
2026-02-10T06:30:00+00:00,2026-02-10T06:45:00+00:00,ETHUSDT,V3_TREND_BREAKOUT,SHORT,2039.63967,2056.73356717967,2013.998824230495,2013.998824230495,0.09805653564288637,2.274252507111214,1.6761683380741428,1.3568162907338106,ok,TP,0
2026-02-10T06:30:00+00:00,2026-02-10T06:50:00+00:00,SOLUSDT,V3_TREND_BREAKOUT,SHORT,85.35730000000001,86.03122438569937,84.34641342145096,84.34641342145096,2.3430919206675935,2.1286001749095806,1.579066783273054,1.3480114948004074,ok,TP,0
2026-02-10T06:45:00+00:00,2026-02-10T09:20:00+00:00,BTCUSDT,V3_TREND_BREAKOUT,SHORT,68780.89235000001,69330.94338793488,67955.8157930977,69330.94338793488,0.0029077843157700755,-1.8394297809800677,1.5994297809800677,-1.1500534770916528,ok,SL,0
2026-02-10T06:45:00+00:00,2026-02-10T17:30:00+00:00,ETHUSDT,V3_TREND_BREAKOUT,SHORT,2009.884555,2043.3111695239793,1959.7446332140312,2043.3111695239793,0.0995082028479989,-3.566222338573988,3.326222338573988,-1.0721539258565898,ok,SL,0
2026-02-10T06:45:00+00:00,2026-02-10T18:45:00+00:00,SOLUSDT,V3_TREND_BREAKOUT,SHORT,84.54770500000001,85.6604226438637,82.87862853420447,82.87862853420447,2.3655284315523404,3.7082478342742506,2.6321652228494887,1.4088203134375559,ok,TP,0
2026-02-10T14:30:00+00:00,2026-02-10T14:40:00+00:00,BTCUSDT,V3_TREND_BREAKOUT,SHORT,69040.06270000001,69781.00742369892,67928.64561445164,67928.64561445164,0.002896868748063868,2.979629421189294,2.1464196141261818,1.3881858894596042,ok,TP,0
2026-02-10T18:45:00+00:00,2026-02-11T02:00:00+00:00,SOLUSDT,V3_TREND_BREAKOUT,SHORT,82.73861,84.07659176602974,80.73163735095538,84.07659176602974,2.4172511479223546,-3.474237959834573,3.234237959834573,-1.074206042653793,ok,SL,0
2026-02-10T21:30:00+00:00,2026-02-11T00:00:00+00:00,SOLUSDT,V3_TREND_BREAKOUT,SHORT,81.91901999999999,82.97228756093739,80.33911865859389,82.97228756093739,2.441435456625336,-2.8114847685858537,2.571484768585854,-1.093331293629238,ok,SL,0
2026-02-11T03:15:00+00:00,2026-02-11T06:10:00+00:00,BTCUSDT,V3_TREND_BREAKOUT,SHORT,68025.47025,68800.72967528354,66862.5811120747,66862.5811120747,0.0029400752286604004,3.178981548092433,2.2793210320616364,1.3947054861407817,ok,TP,0
2026-02-11T04:15:00+00:00,2026-02-11T04:25:00+00:00,BTCUSDT,V3_TREND_BREAKOUT,SHORT,68089.938,68462.041695017,67531.78245747447,67531.78245747447,0.0029372915569404693,1.3994655625197399,1.0929770416798124,1.2804162476906933,ok,TP,0
2026-02-11T04:15:00+00:00,2026-02-11T04:20:00+00:00,ETHUSDT,V3_TREND_BREAKOUT,SHORT,2000.83908,2014.4600694962883,1980.4075957555674,1980.4075957555674,0.09995806359399978,1.802291601424795,1.3615277342831893,1.3237274247473607,ok,TP,0
2026-02-11T04:30:00+00:00,2026-02-11T06:10:00+00:00,ETHUSDT,V3_TREND_BREAKOUT,SHORT,1979.72964,1998.5193502465534,1951.54507463017,1951.54507463017,0.10102389536381341,2.6073145827962776,1.8982097218641774,1.3735650770114636,ok,TP,0
2026-02-11T06:00:00+00:00,2026-02-11T06:10:00+00:00,BTCUSDT,V3_TREND_BREAKOUT,SHORT,67380.79275,67784.30696531522,66775.52142702715,66775.52142702715,0.002968204911777326,1.5565693138059429,1.1977128758706286,1.2996180847387637,ok,TP,0
2026-02-11T06:00:00+00:00,2026-02-11T06:10:00+00:00,ETHUSDT,V3_TREND_BREAKOUT,SHORT,1973.85258,1989.1256914389166,1950.942912841625,1950.942912841625,0.10132468960777202,2.081314913839714,1.5475432758931427,1.344915483955376,ok,TP,0
2026-02-11T06:00:00+00:00,2026-02-11T06:15:00+00:00,SOLUSDT,V3_TREND_BREAKOUT,SHORT,81.73911,82.47851906697903,80.62999639953145,80.62999639953145,2.4468091223405786,2.4737892753384436,1.8091928502256407,1.3673441584902986,ok,TP,0
2026-02-11T14:45:00+00:00,2026-02-11T17:00:00+00:00,SOLUSDT,V3_TREND_BREAKOUT,SHORT,80.61967,82.07270570837174,78.44011643744238,78.44011643744238,2.480784156025446,5.167001945201747,3.604667963467832,1.433419665158532,ok,TP,0
2026-02-11T15:00:00+00:00,2026-02-11T19:00:00+00:00,BTCUSDT,V3_TREND_BREAKOUT,SHORT,66354.806,67353.39303559983,64856.925446600246,67353.39303559983,0.003014099687067128,-3.2498408715107505,3.0098408715107507,-1.0797384347696544,ok,SL,0
2026-02-11T15:00:00+00:00,2026-02-11T21:25:00+00:00,ETHUSDT,V3_TREND_BREAKOUT,SHORT,1936.9310500000001,1969.9311145330166,1887.4309532004754,1969.9311145330166,0.10325612778007766,-3.6474588801719587,3.407458880171959,-1.0704337186272628,ok,SL,0
2026-02-11T15:00:00+00:00,2026-02-12T09:10:00+00:00,SOLUSDT,V3_TREND_BREAKOUT,SHORT,79.58019,81.12394101491662,77.26456347762507,81.12394101491662,2.513188269593224,-4.119736941861091,3.879736941861091,-1.0618598641084342,ok,SL,0
2026-02-12T15:45:00+00:00,2026-02-12T16:05:00+00:00,ETHUSDT,V3_TREND_BREAKOUT,SHORT,1956.28137,1974.2585137742362,1929.3156543386453,1929.3156543386453,0.10223478231048123,2.5168340704849204,1.8378893803232723,1.3694154269732088,ok,TP,0
2026-02-12T15:45:00+00:00,2026-02-12T16:05:00+00:00,SOLUSDT,V3_TREND_BREAKOUT,SHORT,80.75959999999999,81.55839362644537,79.56140956033192,79.56140956033192,2.4764857676362935,2.7273015707558423,1.9782010471705498,1.3786776499065867,ok,TP,0
2026-02-12T16:00:00+00:00,2026-02-12T16:20:00+00:00,BTCUSDT,V3_TREND_BREAKOUT,SHORT,67130.11815,67659.22061067277,66336.46445899084,66336.46445899084,0.0029792886637426547,2.124523444561084,1.5763489630407372,1.347749447852544,ok,TP,0
2026-02-12T16:00:00+00:00,2026-02-12T16:10:00+00:00,ETHUSDT,V3_TREND_BREAKOUT,SHORT,1945.636695,1964.3114770760765,1917.624521885885,1917.624521885885,0.10279411388260233,2.639486513191491,1.919657675460994,1.3749777092718547,ok,TP,0
2026-02-12T16:00:00+00:00,2026-02-12T16:10:00+00:00,SOLUSDT,V3_TREND_BREAKOUT,SHORT,80.089935,80.85922265312783,78.93600352030825,78.93600352030825,2.497192687195963,2.6415892526114533,1.921059501740969,1.375068939935229,ok,TP,0
2026-02-12T16:15:00+00:00,2026-02-12T17:55:00+00:00,BTCUSDT,V3_TREND_BREAKOUT,SHORT,66480.1433,67254.38342419614,65318.78311370577,65318.78311370577,0.003008417101291056,3.2538558452061075,2.329237230137405,1.3969619766957606,ok,TP,0
2026-02-12T16:15:00+00:00,2026-02-12T23:00:00+00:00,ETHUSDT,V3_TREND_BREAKOUT,SHORT,1923.4577900000002,1948.4170858563566,1886.0188462154656,1948.4170858563566,0.10397940679530066,-2.8352527771723492,2.595252777172349,-1.092476541056433,ok,SL,0
2026-02-12T16:15:00+00:00,2026-02-12T18:25:00+00:00,SOLUSDT,V3_TREND_BREAKOUT,SHORT,78.970495,80.07284960647584,77.31696309028624,77.31696309028624,2.5325914444375712,3.9477207676455945,2.7918138450970633,1.4140343829079134,ok,TP,0
2026-02-12T16:45:00+00:00,2026-02-13T09:30:00+00:00,BTCUSDT,V3_TREND_BREAKOUT,SHORT,66093.9365,66847.36785045483,64963.789474317746,66847.36785045483,0.0030259961895294286,-2.5198803955483378,2.279880395548338,-1.1052686800889293,ok,SL,0
2026-02-12T17:00:00+00:00,2026-02-13T08:45:00+00:00,SOLUSDT,V3_TREND_BREAKOUT,SHORT,78.150905,79.50399073812954,76.12127639280567,79.50399073812954,2.5591514263334507,-3.7027512966856895,3.4627512966856893,-1.069309049203075,ok,SL,0
2026-02-12T17:45:00+00:00,2026-02-13T01:45:00+00:00,BTCUSDT,V3_TREND_BREAKOUT,SHORT,65745.21095000001,66554.03414662747,64531.976155058815,66554.03414662747,0.003042046669408397,-2.7004779114408226,2.4604779114408224,-1.09754202583329,ok,SL,0
2026-02-12T18:15:00+00:00,2026-02-12T22:45:00+00:00,BTCUSDT,V3_TREND_BREAKOUT,SHORT,65178.594399999994,66199.97076928592,63646.529846071106,66199.97076928592,0.003068492069230631,-3.374085288853448,3.1340852888534476,-1.0765773671997931,ok,SL,0
2026-02-12T18:15:00+00:00,2026-02-13T02:50:00+00:00,SOLUSDT,V3_TREND_BREAKOUT,SHORT,77.47124500000001,79.14476026196735,74.960972107049,79.14476026196735,2.5816030192879946,-4.560352053119421,4.320352053119421,-1.0555510284923917,ok,SL,0
2026-02-12T20:45:00+00:00,2026-02-12T22:55:00+00:00,SOLUSDT,V3_TREND_BREAKOUT,SHORT,76.72162,77.92039932349519,74.92345101475722,77.92039932349519,2.606827123827677,-3.365010455971049,3.1250104559710494,-1.0767997430349152,ok,SL,0
2026-02-15T17:30:00+00:00,2026-02-15T17:45:00+00:00,ETHUSDT,V3_TREND_BREAKOUT,SHORT,1994.66217,2010.2126624768982,1971.336431284653,1971.336431284653,0.10026760571691194,2.0988159725661353,1.5592106483774313,1.3460759614169107,ok,TP,0
2026-02-15T17:45:00+00:00,2026-02-16T12:45:00+00:00,ETHUSDT,V3_TREND_BREAKOUT,SHORT,1957.6207,1998.3353294428339,1896.548755835749,1998.3353294428339,0.10216483714133183,-4.399603486296804,4.159603486296803,-1.0576978072046157,ok,SL,0
2026-02-15T19:00:00+00:00,2026-02-16T00:05:00+00:00,ETHUSDT,V3_TREND_BREAKOUT,SHORT,1944.677175,1974.6511067650722,1899.716277352392,1974.6511067650722,0.10284483335903812,-3.3226640174940263,3.082664017494026,-1.0778547381868433,ok,SL,0
2026-02-16T15:30:00+00:00,2026-02-16T21:55:00+00:00,BTCUSDT,V3_TREND_BREAKOUT,SHORT,67361.20254999999,68619.49853089068,65473.758578663954,68619.49853089068,0.0029690681346068106,-3.975966500766365,3.7359665007663647,-1.0642404047120788,ok,SL,0
2026-02-16T15:30:00+00:00,2026-02-16T17:30:00+00:00,ETHUSDT,V3_TREND_BREAKOUT,SHORT,1939.72965,1981.382706129899,1877.2500658051517,1981.382706129899,0.10310715207142397,-4.534727992625046,4.294727992625046,-1.0558824680892784,ok,SL,0
2026-02-17T05:15:00+00:00,2026-02-17T14:35:00+00:00,BTCUSDT,V3_TREND_BREAKOUT,SHORT,68133.916,68580.19272282698,67464.50091575953,67464.50091575953,0.002935395640550002,1.7249981199978683,1.3099987466652598,1.3167937178482294,ok,TP,0
2026-02-17T05:15:00+00:00,2026-02-17T13:50:00+00:00,ETHUSDT,V3_TREND_BREAKOUT,SHORT,1974.742135,1993.5403785401409,1946.5447696897886,1993.5403785401409,0.10127904623861181,-2.143868176706616,1.9038681767066161,-1.1260591478634623,ok,SL,0
2026-02-17T10:30:00+00:00,2026-02-17T12:05:00+00:00,ETHUSDT,V3_TREND_BREAKOUT,SHORT,1965.27687,1974.8556525694469,1950.9086961458295,1974.8556525694469,0.10176683145922336,-1.214802351329455,0.9748023513294549,-1.2462037557384666,ok,SL,0
2026-02-17T14:30:00+00:00,2026-02-17T14:40:00+00:00,BTCUSDT,V3_TREND_BREAKOUT,SHORT,68016.1749,68543.15701001597,67225.70173497603,67225.70173497603,0.0029404770305599764,2.0843681850270297,1.5495787900180056,1.345119201717268,ok,TP,0
2026-02-17T14:45:00+00:00,2026-02-17T16:00:00+00:00,BTCUSDT,V3_TREND_BREAKOUT,SHORT,67023.37155,67412.14579501483,66440.21018247775,67412.14579501483,0.00298403370905921,-1.4001154523383157,1.1601154523383157,-1.2068759617986802,ok,SL,0
2026-02-17T14:45:00+00:00,2026-02-17T16:00:00+00:00,ETHUSDT,V3_TREND_BREAKOUT,SHORT,1959.6197,1974.4115915293842,1937.4318627059238,1974.4115915293842,0.10206061921096221,-1.7496696087903385,1.5096696087903385,-1.1589751814586147,ok,SL,0
2026-02-18T10:45:00+00:00,2026-02-18T11:05:00+00:00,SOLUSDT,V3_TREND_BREAKOUT,SHORT,84.367795,84.9824943683764,83.44574594743541,83.44574594743541,2.3705727997276687,1.945784404024281,1.4571896026828541,1.3352994012871542,ok,TP,0
2026-02-18T11:00:00+00:00,2026-02-18T11:05:00+00:00,BTCUSDT,V3_TREND_BREAKOUT,SHORT,67713.1265,68000.45536568767,67282.1332014685,67282.1332014685,0.0029536370617888985,1.0329977799252716,0.8486651866168621,1.2172029632124268,ok,TP,0
2026-02-18T11:00:00+00:00,2026-02-18T11:10:00+00:00,SOLUSDT,V3_TREND_BREAKOUT,SHORT,84.13791,84.64374477063522,83.37915784404717,83.37915784404717,2.3770497745903123,1.5635916412775976,1.2023944275183873,1.3003982765494702,ok,TP,0
2026-02-18T11:45:00+00:00,2026-02-18T14:45:00+00:00,SOLUSDT,V3_TREND_BREAKOUT,SHORT,83.08843499999999,83.86869433713031,81.91804599430452,81.91804599430452,2.4070738605198185,2.5772127822493447,1.8781418548329079,1.3722141251564999,ok,TP,0
2026-02-18T14:15:00+00:00,2026-02-18T15:35:00+00:00,SOLUSDT,V3_TREND_BREAKOUT,SHORT,82.44875499999999,83.22896374905875,81.27844187641185,83.22896374905875,2.4257491820222152,-2.1325907348358584,1.8925907348358584,-1.1268103006014212,ok,SL,0
2026-02-18T18:30:00+00:00,2026-02-18T18:45:00+00:00,BTCUSDT,V3_TREND_BREAKOUT,SHORT,66785.09075,67253.16130849,66082.984912265,66082.984912265,0.002994680365841982,1.8625825670080356,1.4017217113386906,1.3287819914191152,ok,TP,0
2026-02-18T18:30:00+00:00,2026-02-18T19:30:00+00:00,ETHUSDT,V3_TREND_BREAKOUT,SHORT,1967.47577,1984.2604386763917,1942.2987669854124,1942.2987669854124,0.10165309430977135,2.319320261879273,1.706213507919508,1.359337650952819,ok,TP,0
2026-02-18T18:30:00+00:00,2026-02-18T19:35:00+00:00,SOLUSDT,V3_TREND_BREAKOUT,SHORT,81.669145,82.46821878795026,80.47053431807461,80.47053431807461,2.4489052750582854,2.6952840217082903,1.9568560144722054,1.377354287579125,ok,TP,0
2026-02-18T19:30:00+00:00,2026-02-19T01:10:00+00:00,ETHUSDT,V3_TREND_BREAKOUT,SHORT,1938.520255,1966.5706208099862,1896.4447062850204,1966.5706208099862,0.10317147808187334,-3.133997701353527,2.893997701353527,-1.0829302662845073,ok,SL,0
2026-02-19T09:45:00+00:00,2026-02-19T19:00:00+00:00,SOLUSDT,V3_TREND_BREAKOUT,SHORT,81.03946,82.03242087142509,79.55001869286238,82.03242087142509,2.4679335227554575,-2.6905614213744347,2.450561421374435,-1.0979367413143197,ok,SL,0
2026-02-19T11:30:00+00:00,2026-02-19T11:50:00+00:00,BTCUSDT,V3_TREND_BREAKOUT,SHORT,66784.69095,66993.17494078595,66471.96496382108,66471.96496382108,0.0029946982932021787,0.696519977049982,0.6243466513666401,1.1155981625357656,ok,TP,0
2026-02-19T11:30:00+00:00,2026-02-19T12:00:00+00:00,ETHUSDT,V3_TREND_BREAKOUT,SHORT,1959.07997,1967.3633835849096,1946.6548496226355,1946.6548496226355,0.10208873709223826,1.028464847544173,0.8456432316961077,1.2161923716711833,ok,TP,0
2026-02-19T11:45:00+00:00,2026-02-19T13:05:00+00:00,BTCUSDT,V3_TREND_BREAKOUT,SHORT,66619.2737,66869.49815930123,66243.93701104817,66243.93701104817,0.0030021342006915333,0.8868111106766285,0.7512074071177669,1.180514332358817,ok,TP,0
2026-02-19T11:45:00+00:00,2026-02-19T13:05:00+00:00,ETHUSDT,V3_TREND_BREAKOUT,SHORT,1954.012505,1963.2359990431305,1940.177263935304,1940.177263935304,0.10235349031197731,1.176085212279232,0.9440568081861469,1.2457780104768168,ok,TP,0
2026-02-19T12:45:00+00:00,2026-02-19T13:40:00+00:00,SOLUSDT,V3_TREND_BREAKOUT,SHORT,80.789585,81.40055496786707,79.87313004819941,79.87313004819941,2.475566621613417,2.028745288889869,1.5124968592599248,1.341321984551127,ok,TP,0
2026-02-19T13:00:00+00:00,2026-02-19T13:40:00+00:00,ETHUSDT,V3_TREND_BREAKOUT,SHORT,1941.6187049999999,1955.1261694210764,1921.357508368385,1921.357508368385,0.1030068362469757,1.847041763600531,1.3913611757336795,1.3275070454848406,ok,TP,0
2026-02-19T13:00:00+00:00,2026-02-19T14:55:00+00:00,SOLUSDT,V3_TREND_BREAKOUT,SHORT,80.58968499999999,81.27765818444799,79.55772522332799,81.27765818444799,2.4817071812602323,-1.9473479923590662,1.7073479923590662,-1.1405688828956237,ok,SL,0
2026-02-19T13:15:00+00:00,2026-02-19T14:50:00+00:00,BTCUSDT,V3_TREND_BREAKOUT,SHORT,66163.20185,66593.78422888191,65517.32828167713,66593.78422888191,0.0030228283155555903,-1.541576607063525,1.301576607063525,-1.1843917589618191,ok,SL,0
2026-02-19T13:15:00+00:00,2026-02-19T13:50:00+00:00,ETHUSDT,V3_TREND_BREAKOUT,SHORT,1932.243395,1947.152157319571,1909.8802515206435,1909.8802515206435,0.10350662888409046,2.0747335927994204,1.5431557285329467,1.344474542936659,ok,TP,0
2026-02-19T13:30:00+00:00,2026-02-19T14:30:00+00:00,BTCUSDT,V3_TREND_BREAKOUT,SHORT,66182.59215,66495.7282125332,65712.8880562002,65712.8880562002,0.0030219426816451766,1.1794188487970712,0.9462792325313955,1.2463750743446023,ok,TP,0
2026-02-19T13:30:00+00:00,2026-02-19T13:40:00+00:00,ETHUSDT,V3_TREND_BREAKOUT,SHORT,1933.13295,1944.4841460824587,1916.1061558763117,1916.1061558763117,0.10345899903056331,1.521575076736259,1.1743833844908316,1.2956374356368783,ok,TP,0
2026-02-19T13:30:00+00:00,2026-02-19T14:40:00+00:00,SOLUSDT,V3_TREND_BREAKOUT,SHORT,80.369795,80.91042976108015,79.55884285837976,80.91042976108015,2.488497077788988,-1.585368023099116,1.345368023099116,-1.1783898501223102,ok,SL,0
2026-02-20T13:30:00+00:00,2026-02-20T15:00:00+00:00,ETHUSDT,V3_TREND_BREAKOUT,SHORT,1933.662685,1954.5519351021755,1902.3288098467367,1954.5519351021755,0.1034306560039969,-2.400588841499575,2.160588841499575,-1.1110808291657315,ok,SL,0
